Сравнение времени выполнения integrate с различными executor'ами
============================================================

Функция: math.cos
Интервал: [0, 1.5707963267948966]
Количество итераций: 10000000
Количество CPU: 16
Максимальное количество воркеров: 32

ThreadPoolExecutor:
------------------------------------------------------------
n_jobs     Время (сек)     Результат           
------------------------------------------------------------
1          0.5998          1.0000000785        
2          0.6335          1.0000000785        
3          0.6558          1.0000000785        
4          0.6219          1.0000000785        
5          0.6118          1.0000000785        
6          0.6307          1.0000000785        
7          0.6311          1.0000000785        
8          0.6261          1.0000000785        
9          0.6176          1.0000000785        
10         0.6287          1.0000000785        
11         0.6315          1.0000000785        
12         0.6060          1.0000000785        
13         0.6370          1.0000000785        
14         0.6308          1.0000000785        
15         0.6337          1.0000000785        
16         0.6358          1.0000000785        
17         0.6285          1.0000000785        
18         0.6251          1.0000000785        
19         0.6329          1.0000000785        
20         0.6233          1.0000000785        
21         0.6400          1.0000000785        
22         0.6307          1.0000000785        
23         0.6319          1.0000000785        
24         0.6261          1.0000000785        
25         0.6387          1.0000000785        
26         0.6370          1.0000000785        
27         0.6453          1.0000000785        
28         0.6410          1.0000000785        
29         0.6312          1.0000000785        
30         0.6282          1.0000000785        
31         0.6432          1.0000000785        
32         0.6308          1.0000000785        

ProcessPoolExecutor:
------------------------------------------------------------
n_jobs     Время (сек)     Результат           
------------------------------------------------------------
1          0.5830          1.0000000785        
2          0.3048          1.0000000785        
3          0.2064          1.0000000785        
4          0.1671          1.0000000785        
5          0.1379          1.0000000785        
6          0.1271          1.0000000785        
7          0.1093          1.0000000785        
8          0.1028          1.0000000785        
9          0.1089          1.0000000785        
10         0.1153          1.0000000785        
11         0.1016          1.0000000785        
12         0.1050          1.0000000785        
13         0.1045          1.0000000785        
14         0.0946          1.0000000785        
15         0.1025          1.0000000785        
16         0.1022          1.0000000785        
17         0.1021          1.0000000785        
18         0.0974          1.0000000785        
19         0.0993          1.0000000785        
20         0.1013          1.0000000785        
21         0.0993          1.0000000785        
22         0.1011          1.0000000785        
23         0.1001          1.0000000785        
24         0.1013          1.0000000785        
25         0.0998          1.0000000785        
26         0.1003          1.0000000785        
27         0.0983          1.0000000785        
28         0.0980          1.0000000785        
29         0.1021          1.0000000785        
30         0.0991          1.0000000785        
31         0.1046          1.0000000785        
32         0.1034          1.0000000785        

============================================================
Анализ:
- Лучший результат ThreadPoolExecutor: n_jobs=1, время=0.5998 сек
- Лучший результат ProcessPoolExecutor: n_jobs=14, время=0.0946 сек
- ProcessPoolExecutor быстрее в 6.34 раз
